2.14
15.15
24.32
24.48
10.8
16.56
45.15
21.7
1.8
6.2
24.32
20.35
42.14
48.48
16.56
15.21
81.18
54.45
81.27
16.48
6.24
21.42
4.20
30.10
63.9
72.9
81.81
21.63
9.9
5.2
20.40
30.20
15.6
16.72
20.25
12.15
1.8
42.35
10.16
16.72
30.54
8.2
54.72
63.28
9.9
28.12
10.18
32.32
30.48
4.4
8.32
12.10
8.4
7.4
20.40
6.6
21.14
21.14
12.8
36.32
40.15
4.8
6.21
9.72
56.56
40.40
48.30
49.7
40.45
35.14
21.7
27.18
32.40
54.48
12.36
15.18
18.21
4.16
18.36
56.35
20.45
27.54
54.63
14.14
40.25
15.3
4.12
54.54
18.63
42.6
5.5
56.72
1.6
56.16
5.40
6.6
5.30
24.18
45.54
28.28
28.28
12.32
3.6
32.36
8.1
30.45
27.24
8.8
6.5
10.14
27.9
16.12
10.30
5.25
21.56
32.32
54.63
25.25
48.8
24.48
6.18
18.4
72.72
15.35
9.18
72.81
56.56
48.36
16.24
12.8
8.4
2.6
9.54
15.15
48.72
18.42
63.54
16.72
12.3
72.18
28.49
30.25
24.9
49.7
1.1
5.15
63.45
28.4
8.36
8.8
10.2
18.24
14.7
54.42
9.54
5.5
10.20
14.28
18.27
8.8
9.2
24.64
24.9
6.5
6.15
6.8
28.14
36.36
64.32
9.54
7.14
16.20
40.20
20.15
63.42
2.18
4.3
3.15
4.4
10.10
21.63
63.42
45.20
6.18
6.18
36.8
40.30
32.40
81.54
35.35
5.2
45.54
12.36
81.18
40.24
6.21
48.8
28.28
45.15
30.10
12.36
27.27
14.7
1.8
7.56
36.12
16.12
16.32
35.15
4.12
35.30
12.8
20.28
56.7
45.81
21.49
2.3
14.49
6.8
18.14
6.8
35.42
36.36
24.12
27.81
56.14
15.20
4.32
8.36
40.10
12.14
30.45
81.81
16.32
24.48
9.81
3.1
72.54
63.18
20.24
64.48
8.20
12.24
8.40
5.7
8.8
16.8
16.32
6.42
3.3
24.24
56.49
9.81
3.5
49.35
64.56
42.36
18.81
40.24
7.49
40.15
49.56
18.3
7.5
49.63
42.56
56.32
64.72
24.48
8.18
49.56
4.2
9.3
21.42
4.16
15.30
6.18
48.48
15.9
6.24
63.14
8.56
10.45
7.42
27.72
1.6
6.10
42.28
12.36
9.3
21.42
3.6
20.20
32.72
35.56
27.27
5.25
45.63
27.45
20.32
18.18
49.28
16.64
8.64
30.5
40.20
8.2
12.48
16.28
4.9
40.25
10.16
40.5
54.45
20.5
7.56
35.63
63.36
6.12
12.42
25.5
15.10
28.49
54.9
21.12
18.48
32.40
8.32
12.6
28.20
18.18
54.9
20.16
27.18
6.15
36.32
28.63
25.25
7.14
18.18
15.35
54.18
12.36
28.16
24.3
28.8
32.32
1.2
45.18
42.36
9.81
36.54
25.35
54.54
4.18
21.27
40.48
72.16
16.16
14.49
5.30
42.7
32.24
64.32
12.12
28.63
9.18
21.42
54.18
9.81
24.32
24.20
24.18
36.54
36.9
36.18
36.36
45.45
64.16
14.56
15.24
8.32
4.16
20.12
49.42
4.4
18.27
28.4
40.16
15.10
64.72
6.12
54.30
40.15
12.8
16.12
64.24
21.35
48.16
9.3
3.18
49.7
5.10
6.8
63.49
36.4
14.6
18.10
8.7
27.45
40.10
30.35
20.15
56.63
36.18
35.40
6.48
49.56
14.2
18.24
15.15
54.18
45.72
9.36
9.15
56.40
24.4
6.6
36.63
18.6
15.24
18.21
30.12
45.63
8.5
14.56
4.1
21.12
12.32
49.28
21.12
2.9
8.12
48.24
8.6
4.9
8.6
8.64
48.40
24.36
24.42
7.9
8.72
6.4
72.72
42.48
21.21
81.27
15.21
25.30
35.21
3.24
27.72
6.6
14.7
5.3
15.6
36.20
48.18
30.30
10.30
28.7
2.2
15.10
16.10
24.20
9.12
25.5
24.56
63.21
24.42
8.2
8.64
9.27
64.24
21.3
15.10
35.45
10.45
7.3
40.24
28.8
64.64
15.25
16.12
14.49
6.54
10.2
5.5
4.4
14.4
9.4
12.24
63.63
64.24
63.49
3.6
15.45
49.49
8.24
5.35
3.9
20.10
9.72
63.36
12.9
42.21
54.24
35.49
12.3
21.14
45.25
27.3
7.4
4.2
6.21
20.15
42.48
81.27
32.72
40.15
36.42
8.14
24.20
16.72
16.40
32.72
8.10
21.12
9.6
6.27
2.16
4.16
6.3
45.36
36.36
36.27
72.72
8.10
15.15
54.54
6.42
48.18
8.64
9.9
35.28
64.24
8.16
56.56
14.56
2.4
32.8
30.42
16.16
21.3
42.30
24.30
54.54
10.25
16.4
4.6
42.14
21.21
56.7
3.12
10.18
21.14
36.16
48.56
72.16
42.42
27.72
6.18
27.54
21.24
72.27
15.35
40.5
16.6
12.54
72.32
14.21
54.36
5.10
4.10
40.40
6.10
56.28
48.6
3.9
1.3
12.28
24.24
20.5
25.45
35.5
8.4
28.12
48.64
56.56
18.48
4.4
7.28
28.42
7.8
8.64
27.9
40.45
54.54
8.6
15.24
42.36
27.24
8.2
24.3
14.63
49.21
48.24
20.16
15.45
54.27
35.49
25.5
2.7
14.21
4.4
30.5
16.28
28.49
7.28
56.21
32.32
18.18
45.5
10.25
8.2
12.8
21.21
21.28
6.5
63.63
45.9
8.4
54.36
2.4
12.8
5.45
16.64
16.8
30.30
30.48
18.45
24.18
18.42
6.10
32.20
2.7
6.10
7.9
12.21
56.35
56.63
27.36
8.64
10.8
48.18
6.9
18.15
21.21
45.72
6.18
20.36
4.4
4.8
7.8
4.16
7.7
40.25
35.20
32.12
12.18
15.3
14.42
1.7
54.72
18.63
72.8
15.30
16.8
40.40
